INFO - 
***************************
***************************
 NEW RUN STARTS HERE 
*************************** 
***************************
INFO - File logging success flags: 
 file available: 1, 
 config available: 1, 
 init available: 1
INFO - Bit initialized: 
 Params { theta: Matrix { data: [[0.0, 0.006981317007977318, 0.006981317007977318, 0.0017453292519943296, 0.0017453292519943296, 0.0017453292519943296, 0.0, 0.1, -0.6981317007977318]] }, d_theta_dt: Matrix { data: [[0.0, 0.0, 0.0, 0.0, 0.0, 0.0, 0.0, 0.0, 0.0]] }, dthet_thet: Matrix { data: [[0.0, 0.0, 0.0, 0.0, 0.0, 0.0, 0.0, 0.0, 0.0, 0.0, 0.006981317007977318, 0.006981317007977318, 0.0017453292519943296, 0.0017453292519943296, 0.0017453292519943296, 0.0, 0.1, -0.6981317007977318]] }, x: Matrix { data: [[0.0, 0.0, 0.0, 0.0, 0.0, 0.0, 0.0, 0.0, 0.0, 0.0, 0.006981317007977318, 0.006981317007977318, 0.0017453292519943296, 0.0017453292519943296, 0.0017453292519943296, 0.0, 0.1, -0.6981317007977318, 0.0, 0.0, 14.137166941154069]] }, _zn: [[0.0, 0.0, 1.0], [1.0, 0.0, 0.0], [0.0, 1.0, 0.0], [1.0, 0.0, 0.0], [0.0, 1.0, 0.0], [0.0, 0.0, 1.0], [0.0, 0.0, 1.0], [1.0, 0.0, 0.0], [0.0, 1.0, 0.0]], omega_rw: 0.0, _i_z_rw: 4.5, omega_m: Matrix { data: [[0.0, 0.0, 0.0]] }, _dt: 0.0001, _num_steps: 10, phi_act: [0.0, 0.0, 0.0], unlock: Matrix { data: [[1.0, 1.0, 1.0, 1.0, 1.0, 1.0, 1.0, 1.0, 1.0]] }, piv_flag: true, _tau_piv_max: 20.0, _roll_theta_max: 0.10471975511965977, _pitch_theta_max: -1.0471975511965976, _pitch_theta_min: -0.3490658503988659, gps: Gps { lat: 47.00228230492266, lon: -82.21033601607436, utc: 946684800.0 } }
INFO - Estimation initialized: 
 Est { _q_k: Matrix { data: [1.0, 0.0, 0.0, 0.0, 1.0, 0.0, 0.0, 0.0, 1.0] }, _r_k: Matrix { data: [1.0, 0.0, 0.0, 0.0, 1.0, 0.0, 0.0, 0.0, 1.0] }, omega_k: Matrix { data: [0.0, 0.0, 0.0] }, xhat_k: Matrix { data: [0.0, 0.0, 0.0, 0.0, 0.0, 0.0, 0.0, 0.0, 0.0, 0.0, 0.0, 0.0, 0.0, 0.0, 0.0, 0.0, 0.0, 0.0] }, c_hat_k: Matrix { data: [1.0, 0.0, 0.0, 0.0, 1.0, 0.0, 0.0, 0.0, 1.0] }, xdes: Matrix { data: [0.0, 0.0, 0.0] }, c_des: Matrix { data: [1.0, 0.0, 0.0, 0.0, 1.0, 0.0, 0.0, 0.0, 1.0] }, phi_hat_k: Matrix { data: [0.0, 0.0, 0.0] } }
DEBUG - gmst 55.69609566451982, jd 2459643.2035069442, mn_obliq 23.436408224808897, nut in lon -0.0036809533309436863, nut in obl 0.001600182297150824
DEBUG - true obliq 23.438008407106047, apparent srt 55.692718423088586
TRACE - extract_gimbal_rpy start
TRACE - extract_gimbal_rpy end
TRACE - extract_gimbal_rpy start
TRACE - extract_gimbal_rpy end
INFO - Ctrl struct initialized
DEBUG - Control initialized: 
 Ctrl { fmot_roll: TorqueMotor { _tau_max: 11.14, _tau_thresh: 0.001, tau_applied: 0.0, tau_request: 0.0, _ts: 0.0028459445452189685, omega: 0.0 }, fmot_pitch: TorqueMotor { _tau_max: 11.14, _tau_thresh: 0.001, tau_applied: 0.0, tau_request: 0.0, _ts: 0.0028459445452189685, omega: 0.0 }, rw: TorqueMotor { _tau_max: 80.0, _tau_thresh: 0.001, tau_applied: 0.0, tau_request: 0.0, _ts: 0.0028459445452189685, omega: 0.0 }, pivot: StepperMotor { omega: 0.0, omega_max: 0.0, omega_request: 0.0, omega_rw_nom: 3.141592653589793, gain1: 0.03, gain2: 3.1270560761789827, _ts: 0.001 }, fine_gains: Gains { kp: Matrix { data: [0.1, 0.0, 0.0, 0.0, 0.1, 0.0, 0.0, 0.0, 3.0] }, kd: Matrix { data: [0.01, 0.0, 0.0, 0.0, 0.001, 0.0, 0.0, 0.0, 0.01] }, ki: Matrix { data: [1e-5, 0.0, 0.0, 0.0, 0.0, 0.0, 0.0, 0.0, 0.0001] } }, slew_gains: Gains { kp: Matrix { data: [0.1, 0.0, 0.0, 0.0, 0.1, 0.0, 0.0, 0.0, 3.0] }, kd: Matrix { data: [0.01, 0.0, 0.0, 0.0, 0.001, 0.0, 0.0, 0.0, 0.01] }, ki: Matrix { data: [1e-5, 0.0, 0.0, 0.0, 0.0, 0.0, 0.0, 0.0, 0.0001] } }, error: Error { err_gmb_th: Matrix { data: [0.0, 0.0, 0.0] }, err_fine_th: Matrix { data: [0.0, 0.0, 0.0] }, err_th: Matrix { data: [0.0, 0.0, 0.0] }, err_rate: Matrix { data: [0.0, 0.0, 0.0] }, err_rate_sum: Matrix { data: [0.0, 0.0, 0.0] }, _err_tc: 10.0, _err_decay: 0.999000499833375, _ctrl_dt: 0.01, rot_err: Rotation { matrix: Matrix { data: [1.0, 0.0, 0.0, 0.0, 1.0, 0.0, 0.0, 0.0, 1.0] } }, u_lower: 1e-5, u_upper: 0.001 }, state: State { omega: Matrix { data: [0.0, 0.0, 0.0] }, dtheta: Matrix { data: [0.0, 0.0, 0.0] }, gps: Gps { lat: 47.00228230492266, lon: 82.21033601607436, _utc: 946684800, gast: 55.692718423088586 }, eq_k: Equatorial { ra: 0.0, dec: 0.0, fr: 0.0, rot: Rotation { matrix: Matrix { data: [1.0, 0.0, 0.0, 0.0, 1.0, 0.0, 0.0, 0.0, 1.0] } } }, eq_d: Equatorial { ra: 0.0, dec: 0.0, fr: 0.0, rot: Rotation { matrix: Matrix { data: [1.0, 0.0, 0.0, 0.0, 1.0, 0.0, 0.0, 0.0, 1.0] } } }, hor: Horizontal { az: 0.0, el: 0.0, ir: 0.0, rot: Rotation { matrix: Matrix { data: [1.0, 0.0, 0.0, 0.0, 1.0, 0.0, 0.0, 0.0, 1.0] } } }, gmb_k: Gimbal { roll: -0.0259154632, pitch: 0.7501454609999999, yaw: -0.027800000000000002, rot: Rotation { matrix: Matrix { data: [0.730815981586113, 0.027787085641713016, 0.68200870883726, -0.03799451303688089, 0.9992779478098618, -3.603433954696422e-8, -0.6815162639566399, -0.025912562444712343, 0.7313440510936918] } }, gmm: Matrix { data: [1.0, 0.0, 0.0, 0.0, 1.0, 0.0, 0.0, 0.0, 1.0] } }, gmb_d: Gimbal { roll: -0.0259154632, pitch: 0.7501454609999999, yaw: -0.027800000000000002, rot: Rotation { matrix: Matrix { data: [0.730815981586113, 0.027787085641713016, 0.68200870883726, -0.03799451303688089, 0.9992779478098618, -3.603433954696422e-8, -0.6815162639566399, -0.025912562444712343, 0.7313440510936918] } }, gmm: Matrix { data: [1.0, 0.0, 0.0, 0.0, 1.0, 0.0, 0.0, 0.0, 1.0] } }, ceh: Rotation { matrix: Matrix { data: [1.0, 0.0, 0.0, 0.0, 1.0, 0.0, 0.0, 0.0, 1.0] } }, b2h_offset: Rotation { matrix: Matrix { data: [1.0, 0.0, 0.0, 0.0, 1.0, 0.0, 0.0, 0.0, 1.0] } } }, slew_flag: true }
DEBUG - JSON Read successful, updated states: Gains { kp: Matrix { data: [0.0, 0.0, 0.0, 0.0, 0.0, 0.0, 0.0, 0.0, 0.0] }, kd: Matrix { data: [0.0, 0.0, 0.0, 0.0, 0.0, 0.0, 0.0, 0.0, 0.0] }, ki: Matrix { data: [0.0, 0.0, 0.0, 0.0, 0.0, 0.0, 0.0, 0.0, 0.0] } }

, Gains { kp: Matrix { data: [0.0, 0.0, 0.0, 0.0, 0.0, 0.0, 0.0, 0.0, 0.0] }, kd: Matrix { data: [0.0, 0.0, 0.0, 0.0, 0.0, 0.0, 0.0, 0.0, 0.0] }, ki: Matrix { data: [0.0, 0.0, 0.0, 0.0, 0.0, 0.0, 0.0, 0.0, 0.0] } }

, Equatorial { ra: 0.0, dec: 1.0, fr: 0.0, rot: Rotation { matrix: Matrix { data: [1.0, 0.0, 0.0, 0.0, 1.0, 0.0, 0.0, 0.0, 1.0] } } } 

 true
INFO - 
***************************
***************************
 NEW RUN STARTS HERE 
*************************** 
***************************
INFO - File logging success flags: 
 file available: 1, 
 config available: 1, 
 init available: 1
INFO - Bit initialized: 
 Params { theta: Matrix { data: [[0.0, 0.006981317007977318, 0.006981317007977318, 0.0017453292519943296, 0.0017453292519943296, 0.0017453292519943296, 0.0, 0.1, -0.6981317007977318]] }, d_theta_dt: Matrix { data: [[0.0, 0.0, 0.0, 0.0, 0.0, 0.0, 0.0, 0.0, 0.0]] }, dthet_thet: Matrix { data: [[0.0, 0.0, 0.0, 0.0, 0.0, 0.0, 0.0, 0.0, 0.0, 0.0, 0.006981317007977318, 0.006981317007977318, 0.0017453292519943296, 0.0017453292519943296, 0.0017453292519943296, 0.0, 0.1, -0.6981317007977318]] }, x: Matrix { data: [[0.0, 0.0, 0.0, 0.0, 0.0, 0.0, 0.0, 0.0, 0.0, 0.0, 0.006981317007977318, 0.006981317007977318, 0.0017453292519943296, 0.0017453292519943296, 0.0017453292519943296, 0.0, 0.1, -0.6981317007977318, 0.0, 0.0, 14.137166941154069]] }, _zn: [[0.0, 0.0, 1.0], [1.0, 0.0, 0.0], [0.0, 1.0, 0.0], [1.0, 0.0, 0.0], [0.0, 1.0, 0.0], [0.0, 0.0, 1.0], [0.0, 0.0, 1.0], [1.0, 0.0, 0.0], [0.0, 1.0, 0.0]], omega_rw: 0.0, _i_z_rw: 4.5, omega_m: Matrix { data: [[0.0, 0.0, 0.0]] }, _dt: 0.0001, _num_steps: 10, phi_act: [0.0, 0.0, 0.0], unlock: Matrix { data: [[1.0, 1.0, 1.0, 1.0, 1.0, 1.0, 1.0, 1.0, 1.0]] }, piv_flag: true, _tau_piv_max: 20.0, _roll_theta_max: 0.10471975511965977, _pitch_theta_max: -1.0471975511965976, _pitch_theta_min: -0.3490658503988659, gps: Gps { lat: 47.00228230492266, lon: -82.21033601607436, utc: 946684800.0 } }
INFO - Estimation initialized: 
 Est { _q_k: Matrix { data: [1.0, 0.0, 0.0, 0.0, 1.0, 0.0, 0.0, 0.0, 1.0] }, _r_k: Matrix { data: [1.0, 0.0, 0.0, 0.0, 1.0, 0.0, 0.0, 0.0, 1.0] }, omega_k: Matrix { data: [0.0, 0.0, 0.0] }, xhat_k: Matrix { data: [0.0, 0.0, 0.0, 0.0, 0.0, 0.0, 0.0, 0.0, 0.0, 0.0, 0.0, 0.0, 0.0, 0.0, 0.0, 0.0, 0.0, 0.0] }, c_hat_k: Matrix { data: [1.0, 0.0, 0.0, 0.0, 1.0, 0.0, 0.0, 0.0, 1.0] }, xdes: Matrix { data: [0.0, 0.0, 0.0] }, c_des: Matrix { data: [1.0, 0.0, 0.0, 0.0, 1.0, 0.0, 0.0, 0.0, 1.0] }, phi_hat_k: Matrix { data: [0.0, 0.0, 0.0] } }
DEBUG - gmst 57.01218926021829, jd 2459643.207152778, mn_obliq 23.43640822351102, nut in lon -0.0036810990264592655, nut in obl 0.0016001911742200097
DEBUG - true obliq 23.43800841468524, apparent srt 57.008811885112934
TRACE - extract_gimbal_rpy start
TRACE - extract_gimbal_rpy end
TRACE - extract_gimbal_rpy start
TRACE - extract_gimbal_rpy end
INFO - Ctrl struct initialized
DEBUG - Control initialized: 
 Ctrl { fmot_roll: TorqueMotor { _tau_max: 11.14, _tau_thresh: 0.001, tau_applied: 0.0, tau_request: 0.0, _ts: 0.0028459445452189685, omega: 0.0 }, fmot_pitch: TorqueMotor { _tau_max: 11.14, _tau_thresh: 0.001, tau_applied: 0.0, tau_request: 0.0, _ts: 0.0028459445452189685, omega: 0.0 }, rw: TorqueMotor { _tau_max: 80.0, _tau_thresh: 0.001, tau_applied: 0.0, tau_request: 0.0, _ts: 0.0028459445452189685, omega: 0.0 }, pivot: StepperMotor { omega: 0.0, omega_max: 0.0, omega_request: 0.0, omega_rw_nom: 3.141592653589793, gain1: 0.03, gain2: 3.1270560761789827, _ts: 0.001 }, fine_gains: Gains { kp: Matrix { data: [0.1, 0.0, 0.0, 0.0, 0.1, 0.0, 0.0, 0.0, 3.0] }, kd: Matrix { data: [0.01, 0.0, 0.0, 0.0, 0.001, 0.0, 0.0, 0.0, 0.01] }, ki: Matrix { data: [1e-5, 0.0, 0.0, 0.0, 0.0, 0.0, 0.0, 0.0, 0.0001] } }, slew_gains: Gains { kp: Matrix { data: [0.1, 0.0, 0.0, 0.0, 0.1, 0.0, 0.0, 0.0, 3.0] }, kd: Matrix { data: [0.01, 0.0, 0.0, 0.0, 0.001, 0.0, 0.0, 0.0, 0.01] }, ki: Matrix { data: [1e-5, 0.0, 0.0, 0.0, 0.0, 0.0, 0.0, 0.0, 0.0001] } }, error: Error { err_gmb_th: Matrix { data: [0.0, 0.0, 0.0] }, err_fine_th: Matrix { data: [0.0, 0.0, 0.0] }, err_th: Matrix { data: [0.0, 0.0, 0.0] }, err_rate: Matrix { data: [0.0, 0.0, 0.0] }, err_rate_sum: Matrix { data: [0.0, 0.0, 0.0] }, _err_tc: 10.0, _err_decay: 0.999000499833375, _ctrl_dt: 0.01, rot_err: Rotation { matrix: Matrix { data: [1.0, 0.0, 0.0, 0.0, 1.0, 0.0, 0.0, 0.0, 1.0] } }, u_lower: 1e-5, u_upper: 0.001 }, state: State { omega: Matrix { data: [0.0, 0.0, 0.0] }, dtheta: Matrix { data: [0.0, 0.0, 0.0] }, gps: Gps { lat: 47.00228230492266, lon: 82.21033601607436, _utc: 946684800, gast: 57.008811885112934 }, eq_k: Equatorial { ra: 0.0, dec: 0.0, fr: 0.0, rot: Rotation { matrix: Matrix { data: [1.0, 0.0, 0.0, 0.0, 1.0, 0.0, 0.0, 0.0, 1.0] } } }, eq_d: Equatorial { ra: 0.0, dec: 0.0, fr: 0.0, rot: Rotation { matrix: Matrix { data: [1.0, 0.0, 0.0, 0.0, 1.0, 0.0, 0.0, 0.0, 1.0] } } }, hor: Horizontal { az: 0.0, el: 0.0, ir: 0.0, rot: Rotation { matrix: Matrix { data: [1.0, 0.0, 0.0, 0.0, 1.0, 0.0, 0.0, 0.0, 1.0] } } }, gmb_k: Gimbal { roll: -0.0259154632, pitch: 0.7501454609999999, yaw: -0.027800000000000002, rot: Rotation { matrix: Matrix { data: [0.730815981586113, 0.027787085641713016, 0.68200870883726, -0.03799451303688089, 0.9992779478098618, -3.603433954696422e-8, -0.6815162639566399, -0.025912562444712343, 0.7313440510936918] } }, gmm: Matrix { data: [1.0, 0.0, 0.0, 0.0, 1.0, 0.0, 0.0, 0.0, 1.0] } }, gmb_d: Gimbal { roll: -0.0259154632, pitch: 0.7501454609999999, yaw: -0.027800000000000002, rot: Rotation { matrix: Matrix { data: [0.730815981586113, 0.027787085641713016, 0.68200870883726, -0.03799451303688089, 0.9992779478098618, -3.603433954696422e-8, -0.6815162639566399, -0.025912562444712343, 0.7313440510936918] } }, gmm: Matrix { data: [1.0, 0.0, 0.0, 0.0, 1.0, 0.0, 0.0, 0.0, 1.0] } }, ceh: Rotation { matrix: Matrix { data: [1.0, 0.0, 0.0, 0.0, 1.0, 0.0, 0.0, 0.0, 1.0] } }, b2h_offset: Rotation { matrix: Matrix { data: [1.0, 0.0, 0.0, 0.0, 1.0, 0.0, 0.0, 0.0, 1.0] } } }, slew_flag: true }
DEBUG - JSON Read successful, updated states: Gains { kp: Matrix { data: [0.0, 0.0, 0.0, 0.0, 0.0, 0.0, 0.0, 0.0, 0.0] }, kd: Matrix { data: [0.0, 0.0, 0.0, 0.0, 0.0, 0.0, 0.0, 0.0, 0.0] }, ki: Matrix { data: [0.0, 0.0, 0.0, 0.0, 0.0, 0.0, 0.0, 0.0, 0.0] } }

, Gains { kp: Matrix { data: [0.0, 0.0, 0.0, 0.0, 0.0, 0.0, 0.0, 0.0, 0.0] }, kd: Matrix { data: [0.0, 0.0, 0.0, 0.0, 0.0, 0.0, 0.0, 0.0, 0.0] }, ki: Matrix { data: [0.0, 0.0, 0.0, 0.0, 0.0, 0.0, 0.0, 0.0, 0.0] } }

, Equatorial { ra: 0.0, dec: 1.0, fr: 0.0, rot: Rotation { matrix: Matrix { data: [1.0, 0.0, 0.0, 0.0, 1.0, 0.0, 0.0, 0.0, 1.0] } } } 

 true
